example of df IEX
              open    high       low   close    volume
date                                                  
2018-12-31  337.79  339.21  325.2600  332.80   6302338
2019-01-02  306.10  315.13  298.8000  310.12  11658648
2019-01-03  307.00  309.40  297.3800  300.36   6965184
2019-01-04  306.00  318.00  302.7300  317.69   7394116
2019-01-07  321.72  336.74  317.7508  334.96   7551225

example of df crypto 

       close     high      low     open        time  volumefrom      volumeto
96   3937.04  4026.54  3900.28  3974.05  1550707200    47433.87  1.873142e+08
97   3983.53  3996.15  3917.66  3937.04  1550793600    43006.55  1.704053e+08
98   4149.09  4192.39  3948.48  3983.53  1550880000    57002.50  2.311746e+08
99   3771.62  4221.62  3755.38  4149.09  1550966400    80391.72  3.190715e+08
100  3808.31  3831.15  3771.53  3771.62  1551052800    22538.38  8.558073e+07
